


##################################################
User: giuppo
OS: linux
Date: 2020-09-23 11:12:00.158
##################################################



L: 500.0 , T: 33.77777777777778
L: 500.0 , T: 33.77777777777778
L: 0.0 , T: 6.0
running: 0.00
X_pos: 10.00 	X_vel (m/s): 0.00 	X_acc (m/s^2): 0.00
Y_pos: 0.10 	Y_vel (m/s): 0.96 	Y_acc (m/s^2): 9.59
Z_pos: 10.00 	Z_vel (m/s): 0.00 	Z_acc (m/s^2): 0.00
Acceleration: 9.59
Velocity (m/s): 0.96
L: 500.0
dist_goal: 500.0
dist_percorsa2D 0.0
