


##################################################
User: giuppo
OS: linux
Date: 2020-09-23 10:48:32.266
##################################################



L: 490.0 , T: 33.22222222222222
L: 490.0 , T: 33.22222222222222
L: 0.0 , T: 6.0
running: 0.00
X_pos: 9.94 	X_vel (m/s): -0.56 	X_acc (m/s^2): -5.62
Y_pos: 0.00 	Y_vel (m/s): 0.00 	Y_acc (m/s^2): 0.00
Z_pos: 9.82 	Z_vel (m/s): -1.78 	Z_acc (m/s^2): -17.85
Acceleration: 5.62
Velocity (m/s): 0.56
L: 490.0
dist_goal: 490.0
dist_percorsa2D 0.0
